5913 63
5919 63
5925 63
5930 63
5935 63
5941 63
5946 63
5951 63
5956 63
5962 63
5967 63
5972 63
5977 63
5983 63
5988 63
5993 63
5998 63
6003 63
6015 63
6024 63
6034 63
6044 63
6054 63
6064 63
6074 63
6081 63
6088 63
6096 63
6103 63
6110 63
6118 63
6125 63
6138 63
6150 63
6163 63
6175 63
6188 63
6201 63
6214 63
6226 63
6239 63
6252 63
6264 63
6277 63
6290 63
6302 63
6315 63
6328 63
6338 63
6343 63
6348 63
6353 63
6359 63
6364 63
6369 63
6374 63
6379 63
6384 63
6390 63
6395 63
6400 63
6405 63
6410 63
6415 63
6420 63
6426 63
6435 63
6440 63
6445 63
6450 63
6455 63
6460 63
6465 63
6471 63
6476 63
6481 63
6486 63
6491 63
6496 63
6501 63
6507 63
6512 63
6517 63
6522 63
6527 63
6532 63
6537 63
6542 63
6547 63
6553 63
6558 63
6563 63
6568 63
6574 63
6579 63
6584 63
6613 63
6618 63
6623 63
6628 63
6636 63
6641 63
6647 63
6652 63
6657 63
6662 63
6668 63
6674 63
6679 63
6684 63
6692 63
6699 63
6704 63
6709 63
6714 63
6720 63
6725 63
6735 63
6740 63
6745 63
11745 45
16746 45
21746 45
26746 45
31746 45
36746 45
41747 45
46747 45
51747 45
56747 45
61748 45
66748 45
71748 45
76748 45
81749 45
86749 45
91749 45
